{
 "cells": [
  {
   "cell_type": "code",
   "execution_count": 6,
   "metadata": {},
   "outputs": [
    {
     "data": {
      "text/plain": [
       "12"
      ]
     },
     "execution_count": 6,
     "metadata": {},
     "output_type": "execute_result"
    }
   ],
   "source": [
    "import pandas as pd\n",
    "df = pd.read_csv('cleaned_coffee_dataset.csv')\n",
    "\n",
    "len(df['Color'].unique())"
   ]
  },
  {
   "cell_type": "code",
   "execution_count": 8,
   "metadata": {},
   "outputs": [
    {
     "name": "stderr",
     "output_type": "stream",
     "text": [
      "/var/folders/w0/fq2_chks6gd2vytvwcms6pj40000gn/T/ipykernel_39363/1134722465.py:1: FutureWarning: The default value of numeric_only in DataFrame.corr is deprecated. In a future version, it will default to False. Select only valid columns or specify the value of numeric_only to silence this warning.\n",
      "  df.corr()\n"
     ]
    },
    {
     "data": {
      "text/html": [
       "<div>\n",
       "<style scoped>\n",
       "    .dataframe tbody tr th:only-of-type {\n",
       "        vertical-align: middle;\n",
       "    }\n",
       "\n",
       "    .dataframe tbody tr th {\n",
       "        vertical-align: top;\n",
       "    }\n",
       "\n",
       "    .dataframe thead th {\n",
       "        text-align: right;\n",
       "    }\n",
       "</style>\n",
       "<table border=\"1\" class=\"dataframe\">\n",
       "  <thead>\n",
       "    <tr style=\"text-align: right;\">\n",
       "      <th></th>\n",
       "      <th>Unnamed: 0</th>\n",
       "      <th>Altitude</th>\n",
       "      <th>Number of Bags</th>\n",
       "      <th>Aroma</th>\n",
       "      <th>Flavor</th>\n",
       "      <th>Aftertaste</th>\n",
       "      <th>Acidity</th>\n",
       "      <th>Body</th>\n",
       "      <th>Balance</th>\n",
       "      <th>Uniformity</th>\n",
       "      <th>Overall</th>\n",
       "      <th>Total Cup Points</th>\n",
       "      <th>Moisture Percentage</th>\n",
       "      <th>Category One Defects</th>\n",
       "      <th>Quakers</th>\n",
       "      <th>Category Two Defects</th>\n",
       "    </tr>\n",
       "  </thead>\n",
       "  <tbody>\n",
       "    <tr>\n",
       "      <th>Unnamed: 0</th>\n",
       "      <td>1.000000</td>\n",
       "      <td>-0.122023</td>\n",
       "      <td>0.209744</td>\n",
       "      <td>-0.834457</td>\n",
       "      <td>-0.905225</td>\n",
       "      <td>-0.896769</td>\n",
       "      <td>-0.867342</td>\n",
       "      <td>-0.818086</td>\n",
       "      <td>-0.887619</td>\n",
       "      <td>-0.007233</td>\n",
       "      <td>-0.918025</td>\n",
       "      <td>-0.963143</td>\n",
       "      <td>0.046716</td>\n",
       "      <td>0.072819</td>\n",
       "      <td>0.226418</td>\n",
       "      <td>0.282254</td>\n",
       "    </tr>\n",
       "    <tr>\n",
       "      <th>Altitude</th>\n",
       "      <td>-0.122023</td>\n",
       "      <td>1.000000</td>\n",
       "      <td>0.205038</td>\n",
       "      <td>0.064037</td>\n",
       "      <td>0.102702</td>\n",
       "      <td>0.065191</td>\n",
       "      <td>0.148677</td>\n",
       "      <td>0.222834</td>\n",
       "      <td>0.106077</td>\n",
       "      <td>0.042251</td>\n",
       "      <td>0.090903</td>\n",
       "      <td>0.124486</td>\n",
       "      <td>0.192028</td>\n",
       "      <td>0.011878</td>\n",
       "      <td>0.154925</td>\n",
       "      <td>0.211250</td>\n",
       "    </tr>\n",
       "    <tr>\n",
       "      <th>Number of Bags</th>\n",
       "      <td>0.209744</td>\n",
       "      <td>0.205038</td>\n",
       "      <td>1.000000</td>\n",
       "      <td>-0.227414</td>\n",
       "      <td>-0.264700</td>\n",
       "      <td>-0.304697</td>\n",
       "      <td>-0.204415</td>\n",
       "      <td>-0.040037</td>\n",
       "      <td>-0.259016</td>\n",
       "      <td>0.059370</td>\n",
       "      <td>-0.243440</td>\n",
       "      <td>-0.243753</td>\n",
       "      <td>0.102753</td>\n",
       "      <td>0.043678</td>\n",
       "      <td>0.082271</td>\n",
       "      <td>0.237407</td>\n",
       "    </tr>\n",
       "    <tr>\n",
       "      <th>Aroma</th>\n",
       "      <td>-0.834457</td>\n",
       "      <td>0.064037</td>\n",
       "      <td>-0.227414</td>\n",
       "      <td>1.000000</td>\n",
       "      <td>0.822779</td>\n",
       "      <td>0.793397</td>\n",
       "      <td>0.712920</td>\n",
       "      <td>0.633101</td>\n",
       "      <td>0.745648</td>\n",
       "      <td>-0.028063</td>\n",
       "      <td>0.801765</td>\n",
       "      <td>0.868919</td>\n",
       "      <td>-0.002418</td>\n",
       "      <td>-0.057860</td>\n",
       "      <td>-0.342886</td>\n",
       "      <td>-0.254719</td>\n",
       "    </tr>\n",
       "    <tr>\n",
       "      <th>Flavor</th>\n",
       "      <td>-0.905225</td>\n",
       "      <td>0.102702</td>\n",
       "      <td>-0.264700</td>\n",
       "      <td>0.822779</td>\n",
       "      <td>1.000000</td>\n",
       "      <td>0.876811</td>\n",
       "      <td>0.810934</td>\n",
       "      <td>0.739857</td>\n",
       "      <td>0.851786</td>\n",
       "      <td>-0.039767</td>\n",
       "      <td>0.877849</td>\n",
       "      <td>0.939124</td>\n",
       "      <td>-0.050902</td>\n",
       "      <td>-0.081299</td>\n",
       "      <td>-0.310054</td>\n",
       "      <td>-0.330347</td>\n",
       "    </tr>\n",
       "    <tr>\n",
       "      <th>Aftertaste</th>\n",
       "      <td>-0.896769</td>\n",
       "      <td>0.065191</td>\n",
       "      <td>-0.304697</td>\n",
       "      <td>0.793397</td>\n",
       "      <td>0.876811</td>\n",
       "      <td>1.000000</td>\n",
       "      <td>0.814439</td>\n",
       "      <td>0.738674</td>\n",
       "      <td>0.861951</td>\n",
       "      <td>-0.023926</td>\n",
       "      <td>0.865612</td>\n",
       "      <td>0.934813</td>\n",
       "      <td>-0.051115</td>\n",
       "      <td>-0.107966</td>\n",
       "      <td>-0.303247</td>\n",
       "      <td>-0.330731</td>\n",
       "    </tr>\n",
       "    <tr>\n",
       "      <th>Acidity</th>\n",
       "      <td>-0.867342</td>\n",
       "      <td>0.148677</td>\n",
       "      <td>-0.204415</td>\n",
       "      <td>0.712920</td>\n",
       "      <td>0.810934</td>\n",
       "      <td>0.814439</td>\n",
       "      <td>1.000000</td>\n",
       "      <td>0.765185</td>\n",
       "      <td>0.805236</td>\n",
       "      <td>-0.062564</td>\n",
       "      <td>0.840583</td>\n",
       "      <td>0.897057</td>\n",
       "      <td>-0.016751</td>\n",
       "      <td>-0.110204</td>\n",
       "      <td>-0.209483</td>\n",
       "      <td>-0.262279</td>\n",
       "    </tr>\n",
       "    <tr>\n",
       "      <th>Body</th>\n",
       "      <td>-0.818086</td>\n",
       "      <td>0.222834</td>\n",
       "      <td>-0.040037</td>\n",
       "      <td>0.633101</td>\n",
       "      <td>0.739857</td>\n",
       "      <td>0.738674</td>\n",
       "      <td>0.765185</td>\n",
       "      <td>1.000000</td>\n",
       "      <td>0.816098</td>\n",
       "      <td>-0.043904</td>\n",
       "      <td>0.771607</td>\n",
       "      <td>0.847216</td>\n",
       "      <td>0.009771</td>\n",
       "      <td>0.048256</td>\n",
       "      <td>-0.257465</td>\n",
       "      <td>-0.208784</td>\n",
       "    </tr>\n",
       "    <tr>\n",
       "      <th>Balance</th>\n",
       "      <td>-0.887619</td>\n",
       "      <td>0.106077</td>\n",
       "      <td>-0.259016</td>\n",
       "      <td>0.745648</td>\n",
       "      <td>0.851786</td>\n",
       "      <td>0.861951</td>\n",
       "      <td>0.805236</td>\n",
       "      <td>0.816098</td>\n",
       "      <td>1.000000</td>\n",
       "      <td>-0.089064</td>\n",
       "      <td>0.884467</td>\n",
       "      <td>0.929520</td>\n",
       "      <td>-0.072660</td>\n",
       "      <td>0.039552</td>\n",
       "      <td>-0.315502</td>\n",
       "      <td>-0.317733</td>\n",
       "    </tr>\n",
       "    <tr>\n",
       "      <th>Uniformity</th>\n",
       "      <td>-0.007233</td>\n",
       "      <td>0.042251</td>\n",
       "      <td>0.059370</td>\n",
       "      <td>-0.028063</td>\n",
       "      <td>-0.039767</td>\n",
       "      <td>-0.023926</td>\n",
       "      <td>-0.062564</td>\n",
       "      <td>-0.043904</td>\n",
       "      <td>-0.089064</td>\n",
       "      <td>1.000000</td>\n",
       "      <td>-0.074602</td>\n",
       "      <td>0.003556</td>\n",
       "      <td>0.035240</td>\n",
       "      <td>0.021471</td>\n",
       "      <td>0.038486</td>\n",
       "      <td>0.071714</td>\n",
       "    </tr>\n",
       "    <tr>\n",
       "      <th>Overall</th>\n",
       "      <td>-0.918025</td>\n",
       "      <td>0.090903</td>\n",
       "      <td>-0.243440</td>\n",
       "      <td>0.801765</td>\n",
       "      <td>0.877849</td>\n",
       "      <td>0.865612</td>\n",
       "      <td>0.840583</td>\n",
       "      <td>0.771607</td>\n",
       "      <td>0.884467</td>\n",
       "      <td>-0.074602</td>\n",
       "      <td>1.000000</td>\n",
       "      <td>0.947217</td>\n",
       "      <td>-0.113514</td>\n",
       "      <td>-0.088604</td>\n",
       "      <td>-0.306628</td>\n",
       "      <td>-0.311861</td>\n",
       "    </tr>\n",
       "    <tr>\n",
       "      <th>Total Cup Points</th>\n",
       "      <td>-0.963143</td>\n",
       "      <td>0.124486</td>\n",
       "      <td>-0.243753</td>\n",
       "      <td>0.868919</td>\n",
       "      <td>0.939124</td>\n",
       "      <td>0.934813</td>\n",
       "      <td>0.897057</td>\n",
       "      <td>0.847216</td>\n",
       "      <td>0.929520</td>\n",
       "      <td>0.003556</td>\n",
       "      <td>0.947217</td>\n",
       "      <td>1.000000</td>\n",
       "      <td>-0.046476</td>\n",
       "      <td>-0.058156</td>\n",
       "      <td>-0.320307</td>\n",
       "      <td>-0.314092</td>\n",
       "    </tr>\n",
       "    <tr>\n",
       "      <th>Moisture Percentage</th>\n",
       "      <td>0.046716</td>\n",
       "      <td>0.192028</td>\n",
       "      <td>0.102753</td>\n",
       "      <td>-0.002418</td>\n",
       "      <td>-0.050902</td>\n",
       "      <td>-0.051115</td>\n",
       "      <td>-0.016751</td>\n",
       "      <td>0.009771</td>\n",
       "      <td>-0.072660</td>\n",
       "      <td>0.035240</td>\n",
       "      <td>-0.113514</td>\n",
       "      <td>-0.046476</td>\n",
       "      <td>1.000000</td>\n",
       "      <td>0.092755</td>\n",
       "      <td>0.170142</td>\n",
       "      <td>0.130671</td>\n",
       "    </tr>\n",
       "    <tr>\n",
       "      <th>Category One Defects</th>\n",
       "      <td>0.072819</td>\n",
       "      <td>0.011878</td>\n",
       "      <td>0.043678</td>\n",
       "      <td>-0.057860</td>\n",
       "      <td>-0.081299</td>\n",
       "      <td>-0.107966</td>\n",
       "      <td>-0.110204</td>\n",
       "      <td>0.048256</td>\n",
       "      <td>0.039552</td>\n",
       "      <td>0.021471</td>\n",
       "      <td>-0.088604</td>\n",
       "      <td>-0.058156</td>\n",
       "      <td>0.092755</td>\n",
       "      <td>1.000000</td>\n",
       "      <td>0.017774</td>\n",
       "      <td>0.166655</td>\n",
       "    </tr>\n",
       "    <tr>\n",
       "      <th>Quakers</th>\n",
       "      <td>0.226418</td>\n",
       "      <td>0.154925</td>\n",
       "      <td>0.082271</td>\n",
       "      <td>-0.342886</td>\n",
       "      <td>-0.310054</td>\n",
       "      <td>-0.303247</td>\n",
       "      <td>-0.209483</td>\n",
       "      <td>-0.257465</td>\n",
       "      <td>-0.315502</td>\n",
       "      <td>0.038486</td>\n",
       "      <td>-0.306628</td>\n",
       "      <td>-0.320307</td>\n",
       "      <td>0.170142</td>\n",
       "      <td>0.017774</td>\n",
       "      <td>1.000000</td>\n",
       "      <td>0.462423</td>\n",
       "    </tr>\n",
       "    <tr>\n",
       "      <th>Category Two Defects</th>\n",
       "      <td>0.282254</td>\n",
       "      <td>0.211250</td>\n",
       "      <td>0.237407</td>\n",
       "      <td>-0.254719</td>\n",
       "      <td>-0.330347</td>\n",
       "      <td>-0.330731</td>\n",
       "      <td>-0.262279</td>\n",
       "      <td>-0.208784</td>\n",
       "      <td>-0.317733</td>\n",
       "      <td>0.071714</td>\n",
       "      <td>-0.311861</td>\n",
       "      <td>-0.314092</td>\n",
       "      <td>0.130671</td>\n",
       "      <td>0.166655</td>\n",
       "      <td>0.462423</td>\n",
       "      <td>1.000000</td>\n",
       "    </tr>\n",
       "  </tbody>\n",
       "</table>\n",
       "</div>"
      ],
      "text/plain": [
       "                      Unnamed: 0  Altitude  Number of Bags     Aroma  \\\n",
       "Unnamed: 0              1.000000 -0.122023        0.209744 -0.834457   \n",
       "Altitude               -0.122023  1.000000        0.205038  0.064037   \n",
       "Number of Bags          0.209744  0.205038        1.000000 -0.227414   \n",
       "Aroma                  -0.834457  0.064037       -0.227414  1.000000   \n",
       "Flavor                 -0.905225  0.102702       -0.264700  0.822779   \n",
       "Aftertaste             -0.896769  0.065191       -0.304697  0.793397   \n",
       "Acidity                -0.867342  0.148677       -0.204415  0.712920   \n",
       "Body                   -0.818086  0.222834       -0.040037  0.633101   \n",
       "Balance                -0.887619  0.106077       -0.259016  0.745648   \n",
       "Uniformity             -0.007233  0.042251        0.059370 -0.028063   \n",
       "Overall                -0.918025  0.090903       -0.243440  0.801765   \n",
       "Total Cup Points       -0.963143  0.124486       -0.243753  0.868919   \n",
       "Moisture Percentage     0.046716  0.192028        0.102753 -0.002418   \n",
       "Category One Defects    0.072819  0.011878        0.043678 -0.057860   \n",
       "Quakers                 0.226418  0.154925        0.082271 -0.342886   \n",
       "Category Two Defects    0.282254  0.211250        0.237407 -0.254719   \n",
       "\n",
       "                        Flavor  Aftertaste   Acidity      Body   Balance  \\\n",
       "Unnamed: 0           -0.905225   -0.896769 -0.867342 -0.818086 -0.887619   \n",
       "Altitude              0.102702    0.065191  0.148677  0.222834  0.106077   \n",
       "Number of Bags       -0.264700   -0.304697 -0.204415 -0.040037 -0.259016   \n",
       "Aroma                 0.822779    0.793397  0.712920  0.633101  0.745648   \n",
       "Flavor                1.000000    0.876811  0.810934  0.739857  0.851786   \n",
       "Aftertaste            0.876811    1.000000  0.814439  0.738674  0.861951   \n",
       "Acidity               0.810934    0.814439  1.000000  0.765185  0.805236   \n",
       "Body                  0.739857    0.738674  0.765185  1.000000  0.816098   \n",
       "Balance               0.851786    0.861951  0.805236  0.816098  1.000000   \n",
       "Uniformity           -0.039767   -0.023926 -0.062564 -0.043904 -0.089064   \n",
       "Overall               0.877849    0.865612  0.840583  0.771607  0.884467   \n",
       "Total Cup Points      0.939124    0.934813  0.897057  0.847216  0.929520   \n",
       "Moisture Percentage  -0.050902   -0.051115 -0.016751  0.009771 -0.072660   \n",
       "Category One Defects -0.081299   -0.107966 -0.110204  0.048256  0.039552   \n",
       "Quakers              -0.310054   -0.303247 -0.209483 -0.257465 -0.315502   \n",
       "Category Two Defects -0.330347   -0.330731 -0.262279 -0.208784 -0.317733   \n",
       "\n",
       "                      Uniformity   Overall  Total Cup Points  \\\n",
       "Unnamed: 0             -0.007233 -0.918025         -0.963143   \n",
       "Altitude                0.042251  0.090903          0.124486   \n",
       "Number of Bags          0.059370 -0.243440         -0.243753   \n",
       "Aroma                  -0.028063  0.801765          0.868919   \n",
       "Flavor                 -0.039767  0.877849          0.939124   \n",
       "Aftertaste             -0.023926  0.865612          0.934813   \n",
       "Acidity                -0.062564  0.840583          0.897057   \n",
       "Body                   -0.043904  0.771607          0.847216   \n",
       "Balance                -0.089064  0.884467          0.929520   \n",
       "Uniformity              1.000000 -0.074602          0.003556   \n",
       "Overall                -0.074602  1.000000          0.947217   \n",
       "Total Cup Points        0.003556  0.947217          1.000000   \n",
       "Moisture Percentage     0.035240 -0.113514         -0.046476   \n",
       "Category One Defects    0.021471 -0.088604         -0.058156   \n",
       "Quakers                 0.038486 -0.306628         -0.320307   \n",
       "Category Two Defects    0.071714 -0.311861         -0.314092   \n",
       "\n",
       "                      Moisture Percentage  Category One Defects   Quakers  \\\n",
       "Unnamed: 0                       0.046716              0.072819  0.226418   \n",
       "Altitude                         0.192028              0.011878  0.154925   \n",
       "Number of Bags                   0.102753              0.043678  0.082271   \n",
       "Aroma                           -0.002418             -0.057860 -0.342886   \n",
       "Flavor                          -0.050902             -0.081299 -0.310054   \n",
       "Aftertaste                      -0.051115             -0.107966 -0.303247   \n",
       "Acidity                         -0.016751             -0.110204 -0.209483   \n",
       "Body                             0.009771              0.048256 -0.257465   \n",
       "Balance                         -0.072660              0.039552 -0.315502   \n",
       "Uniformity                       0.035240              0.021471  0.038486   \n",
       "Overall                         -0.113514             -0.088604 -0.306628   \n",
       "Total Cup Points                -0.046476             -0.058156 -0.320307   \n",
       "Moisture Percentage              1.000000              0.092755  0.170142   \n",
       "Category One Defects             0.092755              1.000000  0.017774   \n",
       "Quakers                          0.170142              0.017774  1.000000   \n",
       "Category Two Defects             0.130671              0.166655  0.462423   \n",
       "\n",
       "                      Category Two Defects  \n",
       "Unnamed: 0                        0.282254  \n",
       "Altitude                          0.211250  \n",
       "Number of Bags                    0.237407  \n",
       "Aroma                            -0.254719  \n",
       "Flavor                           -0.330347  \n",
       "Aftertaste                       -0.330731  \n",
       "Acidity                          -0.262279  \n",
       "Body                             -0.208784  \n",
       "Balance                          -0.317733  \n",
       "Uniformity                        0.071714  \n",
       "Overall                          -0.311861  \n",
       "Total Cup Points                 -0.314092  \n",
       "Moisture Percentage               0.130671  \n",
       "Category One Defects              0.166655  \n",
       "Quakers                           0.462423  \n",
       "Category Two Defects              1.000000  "
      ]
     },
     "execution_count": 8,
     "metadata": {},
     "output_type": "execute_result"
    }
   ],
   "source": [
    "df.corr()"
   ]
  },
  {
   "cell_type": "code",
   "execution_count": 9,
   "metadata": {},
   "outputs": [
    {
     "name": "stderr",
     "output_type": "stream",
     "text": [
      "/var/folders/w0/fq2_chks6gd2vytvwcms6pj40000gn/T/ipykernel_39363/1134722465.py:1: FutureWarning: The default value of numeric_only in DataFrame.corr is deprecated. In a future version, it will default to False. Select only valid columns or specify the value of numeric_only to silence this warning.\n",
      "  df.corr()\n"
     ]
    },
    {
     "data": {
      "text/html": [
       "<div>\n",
       "<style scoped>\n",
       "    .dataframe tbody tr th:only-of-type {\n",
       "        vertical-align: middle;\n",
       "    }\n",
       "\n",
       "    .dataframe tbody tr th {\n",
       "        vertical-align: top;\n",
       "    }\n",
       "\n",
       "    .dataframe thead th {\n",
       "        text-align: right;\n",
       "    }\n",
       "</style>\n",
       "<table border=\"1\" class=\"dataframe\">\n",
       "  <thead>\n",
       "    <tr style=\"text-align: right;\">\n",
       "      <th></th>\n",
       "      <th>Unnamed: 0</th>\n",
       "      <th>Altitude</th>\n",
       "      <th>Number of Bags</th>\n",
       "      <th>Aroma</th>\n",
       "      <th>Flavor</th>\n",
       "      <th>Aftertaste</th>\n",
       "      <th>Acidity</th>\n",
       "      <th>Body</th>\n",
       "      <th>Balance</th>\n",
       "      <th>Uniformity</th>\n",
       "      <th>Overall</th>\n",
       "      <th>Total Cup Points</th>\n",
       "      <th>Moisture Percentage</th>\n",
       "      <th>Category One Defects</th>\n",
       "      <th>Quakers</th>\n",
       "      <th>Category Two Defects</th>\n",
       "    </tr>\n",
       "  </thead>\n",
       "  <tbody>\n",
       "    <tr>\n",
       "      <th>Unnamed: 0</th>\n",
       "      <td>1.000000</td>\n",
       "      <td>-0.122023</td>\n",
       "      <td>0.209744</td>\n",
       "      <td>-0.834457</td>\n",
       "      <td>-0.905225</td>\n",
       "      <td>-0.896769</td>\n",
       "      <td>-0.867342</td>\n",
       "      <td>-0.818086</td>\n",
       "      <td>-0.887619</td>\n",
       "      <td>-0.007233</td>\n",
       "      <td>-0.918025</td>\n",
       "      <td>-0.963143</td>\n",
       "      <td>0.046716</td>\n",
       "      <td>0.072819</td>\n",
       "      <td>0.226418</td>\n",
       "      <td>0.282254</td>\n",
       "    </tr>\n",
       "    <tr>\n",
       "      <th>Altitude</th>\n",
       "      <td>-0.122023</td>\n",
       "      <td>1.000000</td>\n",
       "      <td>0.205038</td>\n",
       "      <td>0.064037</td>\n",
       "      <td>0.102702</td>\n",
       "      <td>0.065191</td>\n",
       "      <td>0.148677</td>\n",
       "      <td>0.222834</td>\n",
       "      <td>0.106077</td>\n",
       "      <td>0.042251</td>\n",
       "      <td>0.090903</td>\n",
       "      <td>0.124486</td>\n",
       "      <td>0.192028</td>\n",
       "      <td>0.011878</td>\n",
       "      <td>0.154925</td>\n",
       "      <td>0.211250</td>\n",
       "    </tr>\n",
       "    <tr>\n",
       "      <th>Number of Bags</th>\n",
       "      <td>0.209744</td>\n",
       "      <td>0.205038</td>\n",
       "      <td>1.000000</td>\n",
       "      <td>-0.227414</td>\n",
       "      <td>-0.264700</td>\n",
       "      <td>-0.304697</td>\n",
       "      <td>-0.204415</td>\n",
       "      <td>-0.040037</td>\n",
       "      <td>-0.259016</td>\n",
       "      <td>0.059370</td>\n",
       "      <td>-0.243440</td>\n",
       "      <td>-0.243753</td>\n",
       "      <td>0.102753</td>\n",
       "      <td>0.043678</td>\n",
       "      <td>0.082271</td>\n",
       "      <td>0.237407</td>\n",
       "    </tr>\n",
       "    <tr>\n",
       "      <th>Aroma</th>\n",
       "      <td>-0.834457</td>\n",
       "      <td>0.064037</td>\n",
       "      <td>-0.227414</td>\n",
       "      <td>1.000000</td>\n",
       "      <td>0.822779</td>\n",
       "      <td>0.793397</td>\n",
       "      <td>0.712920</td>\n",
       "      <td>0.633101</td>\n",
       "      <td>0.745648</td>\n",
       "      <td>-0.028063</td>\n",
       "      <td>0.801765</td>\n",
       "      <td>0.868919</td>\n",
       "      <td>-0.002418</td>\n",
       "      <td>-0.057860</td>\n",
       "      <td>-0.342886</td>\n",
       "      <td>-0.254719</td>\n",
       "    </tr>\n",
       "    <tr>\n",
       "      <th>Flavor</th>\n",
       "      <td>-0.905225</td>\n",
       "      <td>0.102702</td>\n",
       "      <td>-0.264700</td>\n",
       "      <td>0.822779</td>\n",
       "      <td>1.000000</td>\n",
       "      <td>0.876811</td>\n",
       "      <td>0.810934</td>\n",
       "      <td>0.739857</td>\n",
       "      <td>0.851786</td>\n",
       "      <td>-0.039767</td>\n",
       "      <td>0.877849</td>\n",
       "      <td>0.939124</td>\n",
       "      <td>-0.050902</td>\n",
       "      <td>-0.081299</td>\n",
       "      <td>-0.310054</td>\n",
       "      <td>-0.330347</td>\n",
       "    </tr>\n",
       "    <tr>\n",
       "      <th>Aftertaste</th>\n",
       "      <td>-0.896769</td>\n",
       "      <td>0.065191</td>\n",
       "      <td>-0.304697</td>\n",
       "      <td>0.793397</td>\n",
       "      <td>0.876811</td>\n",
       "      <td>1.000000</td>\n",
       "      <td>0.814439</td>\n",
       "      <td>0.738674</td>\n",
       "      <td>0.861951</td>\n",
       "      <td>-0.023926</td>\n",
       "      <td>0.865612</td>\n",
       "      <td>0.934813</td>\n",
       "      <td>-0.051115</td>\n",
       "      <td>-0.107966</td>\n",
       "      <td>-0.303247</td>\n",
       "      <td>-0.330731</td>\n",
       "    </tr>\n",
       "    <tr>\n",
       "      <th>Acidity</th>\n",
       "      <td>-0.867342</td>\n",
       "      <td>0.148677</td>\n",
       "      <td>-0.204415</td>\n",
       "      <td>0.712920</td>\n",
       "      <td>0.810934</td>\n",
       "      <td>0.814439</td>\n",
       "      <td>1.000000</td>\n",
       "      <td>0.765185</td>\n",
       "      <td>0.805236</td>\n",
       "      <td>-0.062564</td>\n",
       "      <td>0.840583</td>\n",
       "      <td>0.897057</td>\n",
       "      <td>-0.016751</td>\n",
       "      <td>-0.110204</td>\n",
       "      <td>-0.209483</td>\n",
       "      <td>-0.262279</td>\n",
       "    </tr>\n",
       "    <tr>\n",
       "      <th>Body</th>\n",
       "      <td>-0.818086</td>\n",
       "      <td>0.222834</td>\n",
       "      <td>-0.040037</td>\n",
       "      <td>0.633101</td>\n",
       "      <td>0.739857</td>\n",
       "      <td>0.738674</td>\n",
       "      <td>0.765185</td>\n",
       "      <td>1.000000</td>\n",
       "      <td>0.816098</td>\n",
       "      <td>-0.043904</td>\n",
       "      <td>0.771607</td>\n",
       "      <td>0.847216</td>\n",
       "      <td>0.009771</td>\n",
       "      <td>0.048256</td>\n",
       "      <td>-0.257465</td>\n",
       "      <td>-0.208784</td>\n",
       "    </tr>\n",
       "    <tr>\n",
       "      <th>Balance</th>\n",
       "      <td>-0.887619</td>\n",
       "      <td>0.106077</td>\n",
       "      <td>-0.259016</td>\n",
       "      <td>0.745648</td>\n",
       "      <td>0.851786</td>\n",
       "      <td>0.861951</td>\n",
       "      <td>0.805236</td>\n",
       "      <td>0.816098</td>\n",
       "      <td>1.000000</td>\n",
       "      <td>-0.089064</td>\n",
       "      <td>0.884467</td>\n",
       "      <td>0.929520</td>\n",
       "      <td>-0.072660</td>\n",
       "      <td>0.039552</td>\n",
       "      <td>-0.315502</td>\n",
       "      <td>-0.317733</td>\n",
       "    </tr>\n",
       "    <tr>\n",
       "      <th>Uniformity</th>\n",
       "      <td>-0.007233</td>\n",
       "      <td>0.042251</td>\n",
       "      <td>0.059370</td>\n",
       "      <td>-0.028063</td>\n",
       "      <td>-0.039767</td>\n",
       "      <td>-0.023926</td>\n",
       "      <td>-0.062564</td>\n",
       "      <td>-0.043904</td>\n",
       "      <td>-0.089064</td>\n",
       "      <td>1.000000</td>\n",
       "      <td>-0.074602</td>\n",
       "      <td>0.003556</td>\n",
       "      <td>0.035240</td>\n",
       "      <td>0.021471</td>\n",
       "      <td>0.038486</td>\n",
       "      <td>0.071714</td>\n",
       "    </tr>\n",
       "    <tr>\n",
       "      <th>Overall</th>\n",
       "      <td>-0.918025</td>\n",
       "      <td>0.090903</td>\n",
       "      <td>-0.243440</td>\n",
       "      <td>0.801765</td>\n",
       "      <td>0.877849</td>\n",
       "      <td>0.865612</td>\n",
       "      <td>0.840583</td>\n",
       "      <td>0.771607</td>\n",
       "      <td>0.884467</td>\n",
       "      <td>-0.074602</td>\n",
       "      <td>1.000000</td>\n",
       "      <td>0.947217</td>\n",
       "      <td>-0.113514</td>\n",
       "      <td>-0.088604</td>\n",
       "      <td>-0.306628</td>\n",
       "      <td>-0.311861</td>\n",
       "    </tr>\n",
       "    <tr>\n",
       "      <th>Total Cup Points</th>\n",
       "      <td>-0.963143</td>\n",
       "      <td>0.124486</td>\n",
       "      <td>-0.243753</td>\n",
       "      <td>0.868919</td>\n",
       "      <td>0.939124</td>\n",
       "      <td>0.934813</td>\n",
       "      <td>0.897057</td>\n",
       "      <td>0.847216</td>\n",
       "      <td>0.929520</td>\n",
       "      <td>0.003556</td>\n",
       "      <td>0.947217</td>\n",
       "      <td>1.000000</td>\n",
       "      <td>-0.046476</td>\n",
       "      <td>-0.058156</td>\n",
       "      <td>-0.320307</td>\n",
       "      <td>-0.314092</td>\n",
       "    </tr>\n",
       "    <tr>\n",
       "      <th>Moisture Percentage</th>\n",
       "      <td>0.046716</td>\n",
       "      <td>0.192028</td>\n",
       "      <td>0.102753</td>\n",
       "      <td>-0.002418</td>\n",
       "      <td>-0.050902</td>\n",
       "      <td>-0.051115</td>\n",
       "      <td>-0.016751</td>\n",
       "      <td>0.009771</td>\n",
       "      <td>-0.072660</td>\n",
       "      <td>0.035240</td>\n",
       "      <td>-0.113514</td>\n",
       "      <td>-0.046476</td>\n",
       "      <td>1.000000</td>\n",
       "      <td>0.092755</td>\n",
       "      <td>0.170142</td>\n",
       "      <td>0.130671</td>\n",
       "    </tr>\n",
       "    <tr>\n",
       "      <th>Category One Defects</th>\n",
       "      <td>0.072819</td>\n",
       "      <td>0.011878</td>\n",
       "      <td>0.043678</td>\n",
       "      <td>-0.057860</td>\n",
       "      <td>-0.081299</td>\n",
       "      <td>-0.107966</td>\n",
       "      <td>-0.110204</td>\n",
       "      <td>0.048256</td>\n",
       "      <td>0.039552</td>\n",
       "      <td>0.021471</td>\n",
       "      <td>-0.088604</td>\n",
       "      <td>-0.058156</td>\n",
       "      <td>0.092755</td>\n",
       "      <td>1.000000</td>\n",
       "      <td>0.017774</td>\n",
       "      <td>0.166655</td>\n",
       "    </tr>\n",
       "    <tr>\n",
       "      <th>Quakers</th>\n",
       "      <td>0.226418</td>\n",
       "      <td>0.154925</td>\n",
       "      <td>0.082271</td>\n",
       "      <td>-0.342886</td>\n",
       "      <td>-0.310054</td>\n",
       "      <td>-0.303247</td>\n",
       "      <td>-0.209483</td>\n",
       "      <td>-0.257465</td>\n",
       "      <td>-0.315502</td>\n",
       "      <td>0.038486</td>\n",
       "      <td>-0.306628</td>\n",
       "      <td>-0.320307</td>\n",
       "      <td>0.170142</td>\n",
       "      <td>0.017774</td>\n",
       "      <td>1.000000</td>\n",
       "      <td>0.462423</td>\n",
       "    </tr>\n",
       "    <tr>\n",
       "      <th>Category Two Defects</th>\n",
       "      <td>0.282254</td>\n",
       "      <td>0.211250</td>\n",
       "      <td>0.237407</td>\n",
       "      <td>-0.254719</td>\n",
       "      <td>-0.330347</td>\n",
       "      <td>-0.330731</td>\n",
       "      <td>-0.262279</td>\n",
       "      <td>-0.208784</td>\n",
       "      <td>-0.317733</td>\n",
       "      <td>0.071714</td>\n",
       "      <td>-0.311861</td>\n",
       "      <td>-0.314092</td>\n",
       "      <td>0.130671</td>\n",
       "      <td>0.166655</td>\n",
       "      <td>0.462423</td>\n",
       "      <td>1.000000</td>\n",
       "    </tr>\n",
       "  </tbody>\n",
       "</table>\n",
       "</div>"
      ],
      "text/plain": [
       "                      Unnamed: 0  Altitude  Number of Bags     Aroma  \\\n",
       "Unnamed: 0              1.000000 -0.122023        0.209744 -0.834457   \n",
       "Altitude               -0.122023  1.000000        0.205038  0.064037   \n",
       "Number of Bags          0.209744  0.205038        1.000000 -0.227414   \n",
       "Aroma                  -0.834457  0.064037       -0.227414  1.000000   \n",
       "Flavor                 -0.905225  0.102702       -0.264700  0.822779   \n",
       "Aftertaste             -0.896769  0.065191       -0.304697  0.793397   \n",
       "Acidity                -0.867342  0.148677       -0.204415  0.712920   \n",
       "Body                   -0.818086  0.222834       -0.040037  0.633101   \n",
       "Balance                -0.887619  0.106077       -0.259016  0.745648   \n",
       "Uniformity             -0.007233  0.042251        0.059370 -0.028063   \n",
       "Overall                -0.918025  0.090903       -0.243440  0.801765   \n",
       "Total Cup Points       -0.963143  0.124486       -0.243753  0.868919   \n",
       "Moisture Percentage     0.046716  0.192028        0.102753 -0.002418   \n",
       "Category One Defects    0.072819  0.011878        0.043678 -0.057860   \n",
       "Quakers                 0.226418  0.154925        0.082271 -0.342886   \n",
       "Category Two Defects    0.282254  0.211250        0.237407 -0.254719   \n",
       "\n",
       "                        Flavor  Aftertaste   Acidity      Body   Balance  \\\n",
       "Unnamed: 0           -0.905225   -0.896769 -0.867342 -0.818086 -0.887619   \n",
       "Altitude              0.102702    0.065191  0.148677  0.222834  0.106077   \n",
       "Number of Bags       -0.264700   -0.304697 -0.204415 -0.040037 -0.259016   \n",
       "Aroma                 0.822779    0.793397  0.712920  0.633101  0.745648   \n",
       "Flavor                1.000000    0.876811  0.810934  0.739857  0.851786   \n",
       "Aftertaste            0.876811    1.000000  0.814439  0.738674  0.861951   \n",
       "Acidity               0.810934    0.814439  1.000000  0.765185  0.805236   \n",
       "Body                  0.739857    0.738674  0.765185  1.000000  0.816098   \n",
       "Balance               0.851786    0.861951  0.805236  0.816098  1.000000   \n",
       "Uniformity           -0.039767   -0.023926 -0.062564 -0.043904 -0.089064   \n",
       "Overall               0.877849    0.865612  0.840583  0.771607  0.884467   \n",
       "Total Cup Points      0.939124    0.934813  0.897057  0.847216  0.929520   \n",
       "Moisture Percentage  -0.050902   -0.051115 -0.016751  0.009771 -0.072660   \n",
       "Category One Defects -0.081299   -0.107966 -0.110204  0.048256  0.039552   \n",
       "Quakers              -0.310054   -0.303247 -0.209483 -0.257465 -0.315502   \n",
       "Category Two Defects -0.330347   -0.330731 -0.262279 -0.208784 -0.317733   \n",
       "\n",
       "                      Uniformity   Overall  Total Cup Points  \\\n",
       "Unnamed: 0             -0.007233 -0.918025         -0.963143   \n",
       "Altitude                0.042251  0.090903          0.124486   \n",
       "Number of Bags          0.059370 -0.243440         -0.243753   \n",
       "Aroma                  -0.028063  0.801765          0.868919   \n",
       "Flavor                 -0.039767  0.877849          0.939124   \n",
       "Aftertaste             -0.023926  0.865612          0.934813   \n",
       "Acidity                -0.062564  0.840583          0.897057   \n",
       "Body                   -0.043904  0.771607          0.847216   \n",
       "Balance                -0.089064  0.884467          0.929520   \n",
       "Uniformity              1.000000 -0.074602          0.003556   \n",
       "Overall                -0.074602  1.000000          0.947217   \n",
       "Total Cup Points        0.003556  0.947217          1.000000   \n",
       "Moisture Percentage     0.035240 -0.113514         -0.046476   \n",
       "Category One Defects    0.021471 -0.088604         -0.058156   \n",
       "Quakers                 0.038486 -0.306628         -0.320307   \n",
       "Category Two Defects    0.071714 -0.311861         -0.314092   \n",
       "\n",
       "                      Moisture Percentage  Category One Defects   Quakers  \\\n",
       "Unnamed: 0                       0.046716              0.072819  0.226418   \n",
       "Altitude                         0.192028              0.011878  0.154925   \n",
       "Number of Bags                   0.102753              0.043678  0.082271   \n",
       "Aroma                           -0.002418             -0.057860 -0.342886   \n",
       "Flavor                          -0.050902             -0.081299 -0.310054   \n",
       "Aftertaste                      -0.051115             -0.107966 -0.303247   \n",
       "Acidity                         -0.016751             -0.110204 -0.209483   \n",
       "Body                             0.009771              0.048256 -0.257465   \n",
       "Balance                         -0.072660              0.039552 -0.315502   \n",
       "Uniformity                       0.035240              0.021471  0.038486   \n",
       "Overall                         -0.113514             -0.088604 -0.306628   \n",
       "Total Cup Points                -0.046476             -0.058156 -0.320307   \n",
       "Moisture Percentage              1.000000              0.092755  0.170142   \n",
       "Category One Defects             0.092755              1.000000  0.017774   \n",
       "Quakers                          0.170142              0.017774  1.000000   \n",
       "Category Two Defects             0.130671              0.166655  0.462423   \n",
       "\n",
       "                      Category Two Defects  \n",
       "Unnamed: 0                        0.282254  \n",
       "Altitude                          0.211250  \n",
       "Number of Bags                    0.237407  \n",
       "Aroma                            -0.254719  \n",
       "Flavor                           -0.330347  \n",
       "Aftertaste                       -0.330731  \n",
       "Acidity                          -0.262279  \n",
       "Body                             -0.208784  \n",
       "Balance                          -0.317733  \n",
       "Uniformity                        0.071714  \n",
       "Overall                          -0.311861  \n",
       "Total Cup Points                 -0.314092  \n",
       "Moisture Percentage               0.130671  \n",
       "Category One Defects              0.166655  \n",
       "Quakers                           0.462423  \n",
       "Category Two Defects              1.000000  "
      ]
     },
     "execution_count": 9,
     "metadata": {},
     "output_type": "execute_result"
    }
   ],
   "source": [
    "df"
   ]
  }
 ],
 "metadata": {
  "kernelspec": {
   "display_name": "base",
   "language": "python",
   "name": "python3"
  },
  "language_info": {
   "codemirror_mode": {
    "name": "ipython",
    "version": 3
   },
   "file_extension": ".py",
   "mimetype": "text/x-python",
   "name": "python",
   "nbconvert_exporter": "python",
   "pygments_lexer": "ipython3",
   "version": "3.10.10"
  },
  "orig_nbformat": 4
 },
 "nbformat": 4,
 "nbformat_minor": 2
}
